[37.7834891, -122.4101455]
[37.7085939, -122.418267]
[37.7171544, -122.4541768]
[37.7909799, -122.4111726]
[37.7207198, -122.3937412]
[37.7832195, -122.4173837]
[37.7853182, -122.4123269]
[37.7281484, -122.3835613]
[37.7808894, -122.4075238]
[37.7129461, -122.4105901]
[37.7132877, -122.442411]
[37.7325006, -122.4266277]
[37.7404472, -122.4374787]
[37.7605706, -122.4208363]
[37.7603073, -122.4212857]
[37.750797, -122.413077]
[37.7261218, -122.4274803]
[37.7486444, -122.4151808]
[37.757635, -122.412686]
[37.7754439, -122.4140797]
[37.7291272, -122.3894526]
[37.7797596, -122.4035876]
[37.7524154, -122.4120782]
[37.736069, -122.4112317]
[37.7197274, -122.393697]
[37.7209587, -122.4400206]
[37.8007865, -122.4233219]
[37.784684, -122.412529]
[37.7838659, -122.4115747]
[37.7750304, -122.4359086]
[37.7523026, -122.4894664]
[37.712927, -122.4348063]
[37.7844444, -122.4097906]
[37.7798544, -122.4036853]
[37.7557466, -122.4784121]
[37.7564642, -122.4649684]
[37.734402, -122.4148379]
[37.7984233, -122.4041055]
[37.7750692, -122.4127915]
[37.7839854, -122.4113046]
[37.7825992, -122.4681968]
[37.7869319, -122.4137571]
[37.7792662, -122.4067674]
[37.7533455, -122.4921191]
[37.7172294, -122.4504828]
[37.7838659, -122.4115747]
[37.7227582, -122.4039969]
[37.7194691, -122.3907761]
[37.7765223, -122.4147783]
[37.7895796, -122.4201058]
[37.7291298, -122.3860986]
[37.7519963, -122.4395116]
[37.7992413, -122.3998362]
[37.7278745, -122.4800823]
[37.7839161, -122.4149749]
[37.7722993, -122.3883692]
[37.716739, -122.4296987]
[37.7858108, -122.4182351]
[37.783361, -122.4110805]
[37.7762613, -122.4374811]
[37.7829402, -122.4172161]
[37.7815413, -122.4097769]
[37.7798544, -122.4036853]
[37.7696959, -122.4226513]
[37.7377413, -122.3826214]
[37.7573149, -122.4703608]
[37.7605706, -122.4208363]
[37.7708672, -122.4342373]
[37.7855367, -122.4164873]
[37.7771764, -122.4174749]
[37.7851909, -122.4121045]
[37.7369967, -122.4317166]
[37.7356481, -122.3909572]
[37.785428, -122.4130484]
[37.7614982, -122.4865439]
[37.7290061, -122.4141853]
[37.7868652, -122.4106678]
[37.7859274, -122.4132873]
[37.7750643, -122.4033]
[37.7843424, -122.4100193]
[37.730091, -122.3783053]
[37.7613778, -122.4886908]
[37.7783923, -122.41288]
[37.7881991, -122.4044691]
[37.7834727, -122.4106265]
[37.7101047, -122.4540884]
[37.7425907, -122.4187315]
[37.7839998, -122.4147384]
[37.764723, -122.4230519]
[37.7992413, -122.3998362]
[37.764723, -122.4230519]
[37.7123691, -122.4172103]
[37.7798371, -122.3928289]
[37.7300766, -122.3861449]
[37.7227268, -122.4509836]
[37.7313754, -122.440155]
[37.7782584, -122.4796054]
[37.7540314, -122.4184691]
[37.7584193, -122.4061541]
[37.7834373, -122.4113985]
[37.7106728, -122.4122652]
[37.7813775, -122.4807533]
[37.7230154, -122.417194]
[37.7256518, -122.4142516]
[37.7472405, -122.4451093]
[37.7765223, -122.4147783]
[37.7150909, -122.4528942]
[37.711288, -122.4461267]
[37.7864947, -122.408782]
[37.7592238, -122.4189362]
[37.7214413, -122.4604298]
[37.731623, -122.3927304]
[37.7765223, -122.4147783]
[37.7845452, -122.4103231]
[37.7180722, -122.4281553]
[37.7881991, -122.4044691]
[37.754562, -122.4804462]
[37.7328536, -122.3951131]
[37.7422697, -122.4780583]
[37.7366804, -122.3844193]
[37.7840577, -122.4099743]
[37.7308077, -122.414141]
[37.7208064, -122.4347691]
[37.7766869, -122.4149134]
[37.7539604, -122.4085768]
[37.783361, -122.4110805]
[37.7860464, -122.4199174]
[37.7370482, -122.4161653]
[37.7760458, -122.4234767]
[37.7195326, -122.3900188]
[37.7851861, -122.4185598]
[37.7368013, -122.410222]
[37.7459804, -122.4194786]
[37.7872136, -122.4151808]
[37.7800589, -122.4072161]
[37.7747591, -122.4425609]
[37.7791508, -122.40684]
[37.7179337, -122.4298475]
[37.7099584, -122.4118216]
[37.7198283, -122.4344373]
[37.7121857, -122.4130348]
[37.783361, -122.4110805]
[37.7845906, -122.4128549]
[37.77058, -122.4477]
[37.7881991, -122.4044691]
[37.7646491, -122.4177147]
[37.7758105, -122.4991491]
[37.7875642, -122.4159773]
[37.7815413, -122.4097769]
[37.7486444, -122.4151808]
[37.7832204, -122.4196939]
[37.783361, -122.4110805]
[37.7385538, -122.4174154]
[37.7811267, -122.428226]
[37.7180913, -122.4667706]
[37.7757205, -122.4452783]
[37.7325563, -122.4079352]
[37.7111919, -122.4205124]
[37.7182972, -122.4366603]
[37.7108739, -122.411453]
[37.7630811, -122.5095382]
[37.7817016, -122.4123814]
[37.7792269, -122.4073841]
[37.7817016, -122.4123814]
[37.7474209, -122.4341062]
[37.7873512, -122.4137649]
[37.7180811, -122.4612092]
[37.7829187, -122.4108595]
[37.7808727, -122.4161321]
[37.7150496, -122.4395237]
[37.7690478, -122.4202221]
[37.783509, -122.412703]
[37.7763352, -122.4111998]
[37.75408, -122.4240882]
[37.7886297, -122.4159743]
[37.7524469, -122.398034]
[37.7859022, -122.4133864]
[37.7360734, -122.3959097]
[37.7985447, -122.4227467]
[37.7646491, -122.4177147]
[37.7197981, -122.4523634]
[37.7521783, -122.4020881]
[37.7814481, -122.4091017]
[37.7730734, -122.420009]
[37.752124, -122.416579]
[37.7892567, -122.4123637]
[37.7652767, -122.4206672]
[37.8016366, -122.4158133]
[37.8029225, -122.4106152]
[37.7164094, -122.4554579]
[37.7765818, -122.4238288]
[37.7838659, -122.4115747]
[37.7105173, -122.4364261]
[37.7644363, -122.4199521]
[37.7654557, -122.4301019]
[37.7427918, -122.4249543]
[37.7792662, -122.4067674]
[37.7902744, -122.4196963]
[37.784876, -122.414972]
[37.7796503, -122.4132923]
[37.783361, -122.4110805]
[37.7740749, -122.4538893]
[37.7231296, -122.4026362]
[37.7816872, -122.485704]
[37.7792662, -122.4067674]
[37.783361, -122.4110805]
[37.7834373, -122.4113985]
[37.791189, -122.4171069]
[37.7646491, -122.4177147]
[37.730253, -122.4269718]
[37.7460858, -122.3947812]
[37.7779252, -122.4160976]
[37.783361, -122.4110805]
[37.7858279, -122.4116463]
[37.773157, -122.414617]
[37.7839524, -122.4321217]
[37.783361, -122.4110805]
[37.7758617, -122.4658197]
[37.786586, -122.4078492]
[37.7842319, -122.4167073]
[37.7375718, -122.3909088]
[37.7673208, -122.418656]
[37.7834891, -122.4101455]
[37.7167815, -122.4624365]
[37.7843424, -122.4100193]
[37.8209215, -122.3727209]
[37.7832204, -122.4196939]
[37.73023, -122.3809659]
[37.7848107, -122.4186984]
[37.783361, -122.4110805]
[37.7384583, -122.4241737]
[37.7376182, -122.4138866]
[37.7781588, -122.4150923]
[37.7858108, -122.4182351]
[37.783361, -122.4110805]
[37.749364, -122.408473]
[37.7881991, -122.4044691]
[37.7435455, -122.4698036]
[37.7910733, -122.414672]
[37.7212164, -122.3913956]
[37.7575564, -122.3992098]
[37.7356481, -122.3909572]
[37.7268119, -122.3886269]
[37.7834447, -122.415592]
[37.7750643, -122.4033]
[37.783361, -122.4110805]
[37.7815413, -122.4097769]
[37.7808894, -122.4075238]
[37.7142586, -122.4487189]
[37.7861127, -122.4167182]
[37.7297471, -122.3815409]
[37.779941, -122.4340041]
[37.7833879, -122.4223911]
[37.7646491, -122.4177147]
[37.7708408, -122.4204903]
[37.7485512, -122.4229193]
[37.7491164, -122.4573392]
[37.7808029, -122.4165279]
[37.7286955, -122.4288105]
[37.7215514, -122.4347691]
[37.74931, -122.416594]
[37.7306475, -122.4256888]
[37.7271603, -122.4035554]
[37.7226188, -122.4308387]
[37.7839998, -122.4147384]
[37.7897039, -122.4415045]
[37.7565008, -122.507595]
[37.7912793, -122.4189638]
[37.7147607, -122.4672974]
[37.780249, -122.3951227]
[37.7708408, -122.4204903]
[37.7722993, -122.3883692]
[37.7860601, -122.41288]
[37.7765223, -122.4147783]
[37.7834405, -122.4188643]
[37.7285076, -122.388321]
[37.7834373, -122.4113985]
[37.7584193, -122.4061541]
[37.7839161, -122.4149749]
[37.7839998, -122.4147384]
[37.7522131, -122.413616]
[37.760283, -122.422159]
[37.789095, -122.415581]
[37.7771764, -122.4174749]
[37.7900796, -122.4075971]
[37.7792662, -122.4067674]
[37.736748, -122.394566]
[37.79925, -122.3988843]
[37.7188443, -122.4783769]
[37.7716712, -122.4255034]
[37.7829243, -122.4187205]
[37.7841684, -122.4175981]
[37.7285604, -122.3826134]
[37.7754216, -122.4074503]
[37.7837868, -122.4196096]
[37.783361, -122.4110805]
[37.7177888, -122.4405509]
[37.7809188, -122.4145393]
[37.7195326, -122.3900188]
[37.7864678, -122.4140953]
[37.7825024, -122.4148041]
[37.7730734, -122.420009]
[37.790495, -122.4117699]
[37.7252562, -122.4584671]
[37.7249619, -122.3958438]
[37.7823439, -122.4166104]
[37.7913825, -122.4160664]
[37.796342, -122.4001763]
[37.7388387, -122.4960282]
[37.7937176, -122.4113977]
[37.7895796, -122.4201058]
[37.7804488, -122.5049616]
[37.7201779, -122.4579588]
[37.7896997, -122.4035548]
[37.7861127, -122.4200921]
[37.780208, -122.407364]
[37.7724637, -122.4973024]
[37.7138061, -122.4645704]
[37.7276639, -122.4412941]
[37.7468131, -122.5004202]
[37.7946524, -122.404305]
[37.7806377, -122.4086964]
[37.7222702, -122.4352779]
[37.7905601, -122.4038844]
[37.7096588, -122.4506829]
[37.7851605, -122.4123749]
[37.7143481, -122.4426226]
[37.7827545, -122.4127543]
[37.78417, -122.4091174]
[37.7792662, -122.4067674]
[37.7811983, -122.4659516]
[37.7161423, -122.4477522]
[37.7124766, -122.4467128]
[37.8012541, -122.4087001]
[37.7960449, -122.4086156]
[37.7568452, -122.4790754]
[37.711949, -122.4125924]
[37.7852807, -122.4119939]
[37.7823803, -122.4281632]
[37.7198412, -122.4507711]
[37.7724666, -122.4166162]
[37.774762, -122.4232334]
[37.7905601, -122.4038844]
[37.7132522, -122.4483383]
[37.7805486, -122.4078478]
[37.7289241, -122.4241613]
[37.7567166, -122.463907]
[37.72875, -122.430121]
[37.7108451, -122.4162759]
[37.7825941, -122.4134994]
[37.7361359, -122.3799326]
[37.7777986, -122.4443667]
[37.7857633, -122.4120436]
[37.7754715, -122.4399265]
[37.7730819, -122.3962416]
[37.7105253, -122.3997598]
[37.7202338, -122.4325129]
[37.7825344, -122.483004]
[37.782928, -122.4159812]
[37.7192822, -122.4754493]
[37.7826572, -122.4120835]
[37.7849032, -122.415932]
[37.7828163, -122.4381865]
[37.7388492, -122.3867486]
[37.7203817, -122.3907451]
[37.7098245, -122.45977]
[37.7831214, -122.4901767]
[37.7252729, -122.4209991]
[37.776322, -122.412349]
[37.7846323, -122.4170392]
[37.7765223, -122.4147783]
[37.7967309, -122.4076642]
[37.7812644, -122.4087653]
[37.781998, -122.4077776]
[37.7267899, -122.4041518]
[37.7386144, -122.3986638]
[37.7155986, -122.4552384]
[37.7409487, -122.4114419]
[37.7874456, -122.4171498]
[37.7851861, -122.4185598]
[37.7098134, -122.4179007]
[37.7834211, -122.4115746]
[37.7491164, -122.4573392]
[37.7328973, -122.3785374]
[37.784684, -122.412529]
[37.7348936, -122.3944009]
[37.7318064, -122.3914599]
[37.7422543, -122.4912773]
[37.7809361, -122.4092605]
[37.7791508, -122.40684]
[37.7376177, -122.4825244]
[37.7808894, -122.4075238]
[37.7243463, -122.4595175]
[37.7825024, -122.4148041]
[37.7476403, -122.5024827]
[37.7793839, -122.4063812]
[37.7694078, -122.4203707]
[37.7845452, -122.4103231]
[37.7775208, -122.4194604]
[37.7586813, -122.4207342]
[37.7913933, -122.417011]
[37.7839295, -122.4146289]
[37.7792662, -122.4067674]
[37.737668, -122.3986028]
[37.7645068, -122.4183886]
[37.7855111, -122.4174674]
[37.781998, -122.4077776]
[37.7661476, -122.4255933]
[37.7708433, -122.4493775]
[37.7837868, -122.4196096]
[37.783361, -122.4110805]
[37.7847597, -122.4091731]
[37.781998, -122.4077776]
[37.781153, -122.4092323]
[37.7730734, -122.420009]
[37.764723, -122.4230519]
[37.7815413, -122.4097769]
[37.7834891, -122.4101455]
[37.7828313, -122.4149034]
[37.7111734, -122.459942]
[37.783752, -122.441879]
[37.7158898, -122.4966799]
[37.7355762, -122.3874899]
[37.789095, -122.415581]
[37.7098581, -122.4220941]
[37.7120304, -122.4485263]
[37.7637642, -122.4197576]
[37.7584267, -122.491525]
[37.7109434, -122.4114087]
[37.7435126, -122.4357395]
[37.7832195, -122.4173837]
[37.7792269, -122.4073841]
[37.721807, -122.4042735]
[37.7785859, -122.4231449]
[37.7941577, -122.4127207]
[37.7459864, -122.4410176]
[37.7859022, -122.4133864]
[37.7806377, -122.4086964]
[37.787194, -122.393932]
[37.7225662, -122.4093512]
[37.783361, -122.4110805]
[37.7599459, -122.4112428]
[37.7807163, -122.4094096]
[37.7792662, -122.4067674]
[37.7857633, -122.4120436]
[37.7918615, -122.4208217]
[37.7405762, -122.4225587]
[37.773942, -122.4199216]
[37.7300909, -122.3877386]
[37.7881991, -122.4044691]
[37.751926, -122.41656]
[37.7128113, -122.4435058]
[37.7389051, -122.4387014]
[37.7646491, -122.4177147]
[37.7846747, -122.4201993]
[37.7800589, -122.4072161]
[37.7792927, -122.4254455]
[37.773612, -122.39165]
[37.7586256, -122.4770413]
[37.7374695, -122.3907871]
[37.7535512, -122.4878305]
[37.7509623, -122.4182078]
[37.7983533, -122.4085942]
[37.7532163, -122.415026]
[37.7551902, -122.4212274]
[37.7256518, -122.4142516]
[37.7873512, -122.4137649]
[37.7750822, -122.3936647]
[37.7562924, -122.4169507]
[37.8006147, -122.4283061]
[37.771653, -122.3927296]
[37.7966043, -122.4050959]
[37.7947023, -122.4039816]
[37.7187732, -122.4025366]
[37.7268119, -122.3886269]
[37.777257, -122.437929]
[37.7605706, -122.4208363]
[37.741885, -122.3885058]
[37.7466664, -122.4552605]
[37.7880619, -122.4342438]
[37.7803785, -122.4193259]
[37.764723, -122.4230519]
[37.7829187, -122.4108595]
[37.7292475, -122.3806637]
[37.7861127, -122.4167182]
[37.7422113, -122.4661625]
[37.8247151, -122.3742227]
[37.7947023, -122.4039816]
[37.7324443, -122.4081786]
[37.7834497, -122.4098597]
[37.7793839, -122.4063812]
[37.7791508, -122.40684]
[37.787159, -122.412065]
[37.7288266, -122.3872686]
[37.7532931, -122.490207]
[37.7724666, -122.4166162]
[37.7826031, -122.4172585]
[37.7826572, -122.4120835]
[37.7793839, -122.4063812]
[37.714596, -122.4433952]
[37.754199, -122.4167958]
[37.7786972, -122.4126145]
[37.7776806, -122.4263303]
[37.7228642, -122.4357662]
[37.7644219, -122.4220461]
[37.753419, -122.396773]
[37.7268119, -122.3886269]
[37.7157972, -122.4785872]
[37.7341134, -122.4481196]
[37.7846639, -122.4122982]
[37.7791508, -122.40684]
[37.7889385, -122.4156233]
[37.7771541, -122.4192072]
[37.7984233, -122.4041055]
[37.79465, -122.4045408]
[37.7822895, -122.4167577]
[37.7825037, -122.3965957]
[37.7655359, -122.418385]
[37.7829187, -122.4108595]
[37.7779252, -122.4160976]
[37.7857441, -122.4201453]
[37.7142586, -122.4487189]
[37.7852306, -122.4460603]
[37.783361, -122.4110805]
[37.7659228, -122.4224152]
[37.78717, -122.3954519]
[37.7781588, -122.4150923]
[37.783361, -122.4110805]
[37.7741918, -122.4791117]
[37.7168687, -122.4045128]
[37.7785859, -122.4231449]
[37.7835765, -122.4138755]
[37.7856822, -122.4214896]
[37.7811893, -122.4092988]
[37.764723, -122.4230519]
[37.7822895, -122.4167577]
[37.7307275, -122.3936399]
[37.783361, -122.4110805]
[37.7823668, -122.4116337]
[37.7169193, -122.4655876]
[37.7763352, -122.4111998]
[37.7765223, -122.4147783]
[37.7501526, -122.4195036]
[37.7793839, -122.4063812]
[37.7798544, -122.4036853]
[37.7765223, -122.4147783]
[37.8035503, -122.4163398]
[37.7829187, -122.4108595]
[37.7607328, -122.5068536]
[37.7832204, -122.4196939]
[37.7877615, -122.4114503]
[37.7782741, -122.4095235]
[37.7393711, -122.3910015]
[37.7918108, -122.3945893]
[37.7179522, -122.4762703]
[37.7851861, -122.4185598]
[37.7858108, -122.4182351]
[37.7869319, -122.4137571]
[37.7477051, -122.4071498]
[37.7418718, -122.4103468]
[37.7555869, -122.4180374]
[37.7652269, -122.4149043]
[37.782368, -122.469557]
[37.7581423, -122.4016626]
[37.7779252, -122.4160976]
[37.7341111, -122.4006006]
[37.7263653, -122.4801716]
[37.7750967, -122.4592165]
[37.7496414, -122.4617399]
[37.7303855, -122.4692914]
[37.786182, -122.4190678]
[37.7351388, -122.379643]
[37.783361, -122.4110805]
[37.7978722, -122.4050258]
[37.7794546, -122.3978905]
[37.7140973, -122.4446227]
[37.7844426, -122.413964]
[37.7750643, -122.4033]
[37.7846639, -122.4122982]
[37.7531268, -122.47399]
[37.7284009, -122.3798329]
[37.7832204, -122.4196939]
[37.7289479, -122.3867869]
[37.7800589, -122.4072161]
[37.7861127, -122.4167182]
[37.7805117, -122.4065303]
[37.7759744, -122.4365389]
[37.7619838, -122.5088709]
[37.7120686, -122.4558465]
[37.7874288, -122.4140319]
[37.7155637, -122.460192]
[37.7813629, -122.4341744]
[37.7831576, -122.4156012]
[37.7650803, -122.4283876]
[37.7777275, -122.3997819]
[37.791189, -122.4171069]
[37.7992413, -122.3998362]
[37.7743518, -122.440753]
[37.7412688, -122.4106123]
[37.7763076, -122.3934978]
[37.7307597, -122.4124486]
[37.7984222, -122.4070743]
[37.797288, -122.436082]
[37.7708733, -122.4238519]
[37.7894785, -122.4059049]
[37.749995, -122.5022245]
[37.7168482, -122.4501187]
[37.7905601, -122.4038844]
[37.7816551, -122.4124375]
[37.7640155, -122.4216352]
[37.7765223, -122.4147783]
[37.7819988, -122.4142856]
[37.7319861, -122.3837132]
[37.7845452, -122.4103231]
[37.7838659, -122.4115747]
[37.7895497, -122.4233697]
[37.7865677, -122.4811536]
[37.7802291, -122.4259131]
[37.7855111, -122.4174674]
[37.7839998, -122.4147384]
[37.78417, -122.4091174]
[37.7805486, -122.4078478]
[37.79075, -122.4238306]
[37.7229828, -122.3995053]
[37.7421801, -122.4997238]
[37.7561389, -122.4428091]
[37.7191168, -122.4669475]
[37.7268669, -122.3891223]
[37.7834441, -122.4150763]
[37.755309, -122.3980671]
[37.7150334, -122.4707324]
[37.7740749, -122.4538893]
[37.7870775, -122.4156394]
[37.7831576, -122.4156012]
[37.7622312, -122.492871]
[37.7181362, -122.4404385]
[37.7262496, -122.4575383]
[37.7726246, -122.4220268]
[37.7826031, -122.4172585]
[37.7673672, -122.4213751]
[37.7646491, -122.4177147]
[37.7819988, -122.4142856]
[37.7738717, -122.4301332]
[37.7545069, -122.49402]
[37.711288, -122.4461267]
[37.7107692, -122.4167958]
[37.7833215, -122.4140472]
[37.7956747, -122.4215521]
[37.7446877, -122.469559]
[37.7111613, -122.4397569]
[37.7640227, -122.4337708]
[37.717259, -122.4335976]
